shape_id,shape_pt_lat,shape_pt_lon,shape_pt_sequence
C1995,47.5846,19.04412,1
C1995,47.58456,19.0441,2
C1995,47.58454,19.04408,3
C1995,47.58452,19.04406,4
C1995,47.58452,19.04406,5
C1995,47.58452,19.04406,6
C1995,47.5845,19.044,7
C1995,47.58454,19.04387,8
C1995,47.58469,19.04331,9
C1995,47.58503,19.04216,10
C1995,47.58504,19.04211,11
C1995,47.58505,19.04207,12
C1995,47.58552,19.04228,13
C1995,47.58567,19.04235,14
C1995,47.58567,19.04235,15
C1995,47.586,19.0425,16
C1995,47.58616,19.04257,17
C1995,47.58625,19.04261,18
C1995,47.58652,19.04271,19
C1995,47.58656,19.04262,20
C1995,47.58659,19.04257,21
C1995,47.58669,19.04239,22
C1995,47.58678,19.04227,23
C1995,47.58687,19.04216,24
C1995,47.58702,19.042,25
C1995,47.58781,19.04137,26
C1995,47.58808,19.04115,27
C1995,47.58824,19.04098,28
C1995,47.5884,19.04072,29
C1995,47.58874,19.04017,30
C1995,47.58893,19.03989,31
C1995,47.58921,19.03947,32
C1995,47.58924,19.03942,33
C1995,47.58926,19.03935,34
C1995,47.58926,19.03929,35
C1995,47.58925,19.03922,36
C1995,47.58924,19.03917,37
C1995,47.58921,19.03912,38
C1995,47.58917,19.03905,39
C1995,47.58873,19.03846,40
C1995,47.58867,19.03837,41
C1995,47.58864,19.0383,42
C1995,47.5886,19.03822,43
C1995,47.58855,19.0381,44
C1995,47.58843,19.03773,45
C1995,47.58839,19.03758,46
C1995,47.58838,19.03753,47
C1995,47.58837,19.03748,48
C1995,47.58838,19.03739,49
C1995,47.58839,19.0372,50
C1995,47.58839,19.03698,51
C1995,47.58837,19.03683,52
C1995,47.58835,19.03669,53
C1995,47.58834,19.03664,54
C1995,47.58833,19.03657,55
C1995,47.58831,19.03641,56
C1995,47.58829,19.03629,57
C1995,47.58828,19.03618,58
C1995,47.58828,19.03602,59
C1995,47.58828,19.03588,60
C1995,47.58828,19.0357,61
C1995,47.58827,19.03542,62
C1995,47.58827,19.03535,63
C1995,47.58825,19.03522,64
C1995,47.58823,19.03513,65
C1995,47.58821,19.03503,66
C1995,47.58819,19.03486,67
C1995,47.58818,19.03479,68
C1995,47.58818,19.03471,69
C1995,47.5882,19.03452,70
C1995,47.58822,19.03437,71
C1995,47.58823,19.03426,72
C1995,47.58827,19.03413,73
C1995,47.5883,19.03409,74
C1995,47.58834,19.03405,75
C1995,47.58835,19.03387,76
C1995,47.58835,19.03384,77
C1995,47.58836,19.03364,78
C1995,47.58836,19.03351,79
C1995,47.58835,19.03341,80
C1995,47.58833,19.03333,81
C1995,47.5883,19.03326,82
C1995,47.58828,19.03323,83
C1995,47.58825,19.03319,84
C1995,47.58824,19.03317,85
C1995,47.58821,19.03314,86
C1995,47.58818,19.0331,87
C1995,47.58816,19.03305,88
C1995,47.58816,19.03299,89
C1995,47.58815,19.03293,90
C1995,47.58816,19.03284,91
C1995,47.58817,19.03274,92
C1995,47.58821,19.03266,93
C1995,47.58826,19.03257,94
C1995,47.58869,19.03199,95
C1995,47.58883,19.0318,96
C1995,47.58884,19.03174,97
C1995,47.58912,19.03042,98
C1995,47.5892,19.03047,99
C1995,47.5892,19.03047,100
C1995,47.58967,19.03076,101
C1995,47.59047,19.03124,102
C1995,47.59051,19.03111,103
C1995,47.59053,19.03106,104
C1995,47.59056,19.03101,105
C1995,47.59074,19.03075,106
C1995,47.59074,19.03075,107
C1995,47.59092,19.0305,108
C1995,47.5912,19.03011,109
C1995,47.59177,19.02932,110
C1995,47.59214,19.02881,111
C1995,47.5923,19.02863,112
C1995,47.5923,19.02863,113
C1995,47.59236,19.02856,114
C1995,47.5924,19.02854,115
C1995,47.59244,19.02854,116
C1995,47.59247,19.02856,117
C1995,47.59262,19.02824,118
C1995,47.59279,19.02787,119
C1995,47.59295,19.02752,120
C1995,47.59345,19.02645,121
C1995,47.59358,19.02615,122
C1995,47.5937,19.02588,123
C1995,47.59455,19.02357,124
C1995,47.5946,19.02345,125
C1995,47.59466,19.02323,126
C1995,47.59469,19.02311,127
C1995,47.59496,19.0222,128
C1995,47.59505,19.02189,129
C1995,47.59529,19.02109,130
C1995,47.5954,19.02077,131
C1995,47.59544,19.02067,132
C1995,47.59546,19.02058,133
C1995,47.59554,19.02035,134
C1995,47.5957,19.02003,135
C1995,47.59594,19.01965,136
C1995,47.59623,19.01932,137
C1995,47.59715,19.01858,138
C1995,47.59724,19.0185,139
C1995,47.5973,19.01841,140
C1995,47.59734,19.01828,141
C1995,47.59736,19.01823,142
C1995,47.59736,19.01823,143
C1995,47.59745,19.01788,144
C1995,47.59751,19.01768,145
C1995,47.59754,19.01755,146
C1995,47.59764,19.01721,147
C1995,47.59782,19.01662,148
C1995,47.59799,19.01602,149
C1995,47.59809,19.01561,150
C1995,47.59819,19.01515,151
C1995,47.59828,19.01468,152
C1995,47.59828,19.01457,153
C1995,47.59835,19.01458,154
C1995,47.59845,19.01462,155
C1995,47.59845,19.01462,156
C1995,47.59848,19.01463,157
C1995,47.59851,19.01464,158
C1995,47.59855,19.01464,159
C1995,47.5986,19.01447,160
C1995,47.59868,19.01414,161
C1995,47.59869,19.0141,162
C1995,47.59871,19.01401,163
C1995,47.59871,19.01392,164
C1995,47.59871,19.01387,165
C1995,47.59871,19.0138,166
C1995,47.59872,19.0137,167
C1995,47.59872,19.01363,168
C1995,47.59872,19.01356,169
C1995,47.59885,19.01341,170
C1995,47.59882,19.0133,171
C1995,47.5988,19.0132,172
C1995,47.59858,19.01312,173
C1995,47.59853,19.01337,174
C1996,47.59853,19.01337,1
C1996,47.59853,19.01338,2
C1996,47.59852,19.01358,3
C1996,47.59852,19.01365,4
C1996,47.59855,19.01373,5
C1996,47.59846,19.01381,6
C1996,47.5984,19.01385,7
C1996,47.59835,19.01386,8
C1996,47.59836,19.01393,9
C1996,47.59829,19.01447,10
C1996,47.59828,19.01457,11
C1996,47.59828,19.01468,12
C1996,47.59819,19.01515,13
C1996,47.59809,19.01561,14
C1996,47.59799,19.01602,15
C1996,47.59782,19.01662,16
C1996,47.59764,19.01721,17
C1996,47.59754,19.01755,18
C1996,47.59751,19.01768,19
C1996,47.59745,19.01788,20
C1996,47.59734,19.01828,21
C1996,47.59731,19.01837,22
C1996,47.59731,19.01837,23
C1996,47.5973,19.01841,24
C1996,47.59724,19.0185,25
C1996,47.59715,19.01858,26
C1996,47.59623,19.01932,27
C1996,47.59594,19.01965,28
C1996,47.5957,19.02003,29
C1996,47.59554,19.02035,30
C1996,47.59546,19.02058,31
C1996,47.59544,19.02067,32
C1996,47.5954,19.02077,33
C1996,47.59529,19.02109,34
C1996,47.59505,19.02189,35
C1996,47.59496,19.0222,36
C1996,47.59469,19.02311,37
C1996,47.59466,19.02323,38
C1996,47.5946,19.02345,39
C1996,47.59455,19.02357,40
C1996,47.5937,19.02588,41
C1996,47.59358,19.02615,42
C1996,47.59345,19.02645,43
C1996,47.59295,19.02752,44
C1996,47.59279,19.02787,45
C1996,47.59262,19.02824,46
C1996,47.59251,19.02849,47
C1996,47.59251,19.02849,48
C1996,47.59247,19.02856,49
C1996,47.59244,19.02854,50
C1996,47.5924,19.02854,51
C1996,47.59236,19.02856,52
C1996,47.59214,19.02881,53
C1996,47.59177,19.02932,54
C1996,47.59149,19.02971,55
C1996,47.59149,19.02971,56
C1996,47.5912,19.03011,57
C1996,47.59092,19.0305,58
C1996,47.59056,19.03101,59
C1996,47.59053,19.03106,60
C1996,47.59051,19.03111,61
C1996,47.59047,19.03124,62
C1996,47.58967,19.03076,63
C1996,47.58917,19.03045,64
C1996,47.58917,19.03045,65
C1996,47.58912,19.03042,66
C1996,47.58884,19.03174,67
C1996,47.58883,19.0318,68
C1996,47.58869,19.03199,69
C1996,47.58826,19.03257,70
C1996,47.58821,19.03266,71
C1996,47.58817,19.03274,72
C1996,47.58816,19.03284,73
C1996,47.58815,19.03293,74
C1996,47.58816,19.03299,75
C1996,47.58816,19.03305,76
C1996,47.58816,19.03305,77
C1996,47.58818,19.0331,78
C1996,47.58821,19.03314,79
C1996,47.58824,19.03317,80
C1996,47.58825,19.03319,81
C1996,47.58828,19.03323,82
C1996,47.5883,19.03326,83
C1996,47.58833,19.03333,84
C1996,47.58835,19.03341,85
C1996,47.58836,19.03351,86
C1996,47.58836,19.03364,87
C1996,47.58835,19.03384,88
C1996,47.58835,19.03387,89
C1996,47.58834,19.03405,90
C1996,47.5883,19.03409,91
C1996,47.58827,19.03413,92
C1996,47.58823,19.03426,93
C1996,47.58822,19.03437,94
C1996,47.5882,19.03452,95
C1996,47.58818,19.03471,96
C1996,47.58818,19.03479,97
C1996,47.58819,19.03486,98
C1996,47.58821,19.03503,99
C1996,47.58823,19.03513,100
C1996,47.58825,19.03522,101
C1996,47.58827,19.03535,102
C1996,47.58827,19.03542,103
C1996,47.58828,19.0357,104
C1996,47.58828,19.03588,105
C1996,47.58828,19.03602,106
C1996,47.58828,19.03618,107
C1996,47.58829,19.03629,108
C1996,47.58831,19.03641,109
C1996,47.58833,19.03657,110
C1996,47.58834,19.03664,111
C1996,47.58835,19.03669,112
C1996,47.58837,19.03683,113
C1996,47.58839,19.03698,114
C1996,47.58839,19.0372,115
C1996,47.58838,19.03739,116
C1996,47.58837,19.03748,117
C1996,47.58838,19.03753,118
C1996,47.58839,19.03758,119
C1996,47.58843,19.03773,120
C1996,47.58855,19.0381,121
C1996,47.5886,19.03822,122
C1996,47.58864,19.0383,123
C1996,47.58867,19.03837,124
C1996,47.58873,19.03846,125
C1996,47.58917,19.03905,126
C1996,47.58921,19.03912,127
C1996,47.58924,19.03917,128
C1996,47.58925,19.03922,129
C1996,47.58926,19.03929,130
C1996,47.58926,19.03935,131
C1996,47.58924,19.03942,132
C1996,47.58921,19.03947,133
C1996,47.58893,19.03989,134
C1996,47.58874,19.04017,135
C1996,47.5884,19.04072,136
C1996,47.58824,19.04098,137
C1996,47.58808,19.04115,138
C1996,47.58781,19.04137,139
C1996,47.58702,19.042,140
C1996,47.58687,19.04216,141
C1996,47.58678,19.04227,142
C1996,47.58669,19.04239,143
C1996,47.58659,19.04257,144
C1996,47.58656,19.04262,145
C1996,47.58652,19.04271,146
C1996,47.58625,19.04261,147
C1996,47.58616,19.04257,148
C1996,47.586,19.0425,149
C1996,47.58552,19.04228,150
C1996,47.58505,19.04207,151
C1996,47.58504,19.04211,152
C1996,47.58503,19.04216,153
C1996,47.58469,19.04331,154
C1996,47.58454,19.04387,155
C1996,47.5845,19.044,156
C1996,47.58452,19.04406,157
C1996,47.58454,19.04408,158
C1996,47.58454,19.04408,159
C1996,47.58454,19.04408,160
C1996,47.58456,19.0441,161
C1996,47.5846,19.04412,162
C1997,47.59853,19.01337,1
C1997,47.59853,19.01338,2
C1997,47.59852,19.01358,3
C1997,47.59852,19.01365,4
C1997,47.59855,19.01373,5
C1997,47.59872,19.01356,6
C1997,47.59885,19.01341,7
C1997,47.59893,19.01336,8
C1997,47.59899,19.01338,9
C1997,47.59926,19.01358,10
C1997,47.59939,19.01366,11
C1997,47.59979,19.01385,12
C1997,47.59987,19.0139,13
C1997,47.5999,19.01394,14
C1997,47.59992,19.01399,15
C1997,47.59991,19.01405,16
C1997,47.59989,19.01412,17
C1997,47.59978,19.01452,18
C1997,47.59974,19.0147,19
C1997,47.59973,19.0148,20
C1997,47.59974,19.01488,21
C1997,47.59976,19.01495,22
C1997,47.5998,19.01503,23
C1997,47.59988,19.01516,24
C1997,47.59996,19.0153,25
C1997,47.6002,19.01569,26
C1997,47.60027,19.01584,27
C1997,47.6003,19.01594,28
C1997,47.60036,19.01619,29
C1997,47.60038,19.01626,30
C1997,47.60047,19.01662,31
C1997,47.60049,19.0167,32
C1997,47.6005,19.01683,33
C1997,47.60049,19.01698,34
C1997,47.60045,19.01742,35
C1997,47.60043,19.01775,36
C1997,47.60043,19.01798,37
C1997,47.60046,19.01809,38
C1997,47.60051,19.01822,39
C1997,47.60054,19.01826,40
C1997,47.60059,19.01831,41
C1997,47.60067,19.01838,42
C1997,47.60084,19.01853,43
C1997,47.60095,19.01864,44
C1997,47.60101,19.01875,45
C1997,47.60107,19.01889,46
C1997,47.60115,19.01912,47
C1997,47.60126,19.01953,48
C1997,47.60133,19.01976,49
C1997,47.60142,19.02001,50
C1997,47.60149,19.02012,51
C1997,47.60156,19.02022,52
C1997,47.60164,19.02031,53
C1997,47.60173,19.02038,54
C1997,47.6018,19.02044,55
C1997,47.60201,19.02061,56
C1997,47.60225,19.02078,57
C1997,47.60243,19.02092,58
C1997,47.60298,19.02122,59
C1997,47.60333,19.02137,60
C1997,47.60412,19.02171,61
C1997,47.60457,19.02188,62
C1997,47.60465,19.02189,63
C1997,47.60474,19.02189,64
C1997,47.60482,19.02186,65
C1997,47.60507,19.02167,66
C1997,47.60609,19.02083,67
C1997,47.60628,19.02067,68
C1997,47.60638,19.02061,69
C1997,47.60652,19.02057,70
C1997,47.60668,19.02059,71
C1997,47.60679,19.02061,72
C1997,47.60727,19.02069,73
C1997,47.60819,19.02089,74
C1997,47.6087,19.021,75
C1997,47.6089,19.02105,76
C1997,47.60898,19.02106,77
C1997,47.60925,19.02122,78
C1997,47.60978,19.02156,79
C1997,47.61051,19.02206,80
C1997,47.6106,19.02214,81
C1997,47.61064,19.02222,82
C1997,47.61069,19.02214,83
C1997,47.61071,19.02204,84
C1997,47.61074,19.0219,85
C1997,47.61083,19.02164,86
C1997,47.61102,19.02109,87
C1997,47.61123,19.02049,88
C1997,47.61133,19.02018,89
C1997,47.61148,19.01974,90
C1997,47.61158,19.01945,91
C1997,47.61172,19.019,92
C1997,47.6118,19.01877,93
C1997,47.61186,19.01862,94
C1997,47.61197,19.0183,95
C1997,47.61209,19.01797,96
C1997,47.61221,19.01765,97
C1997,47.61238,19.01713,98
C1997,47.61243,19.01698,99
C1997,47.61247,19.01691,100
C1997,47.61253,19.01683,101
C1997,47.61262,19.01666,102
C1997,47.61282,19.01609,103
C1997,47.61299,19.01567,104
C1997,47.61351,19.01607,105
C1997,47.61354,19.01609,106
C1997,47.61354,19.01609,107
C1997,47.614,19.01646,108
C1997,47.61405,19.01635,109
C1997,47.61444,19.01527,110
C1997,47.61438,19.01523,111
C1998,47.61438,19.01523,1
C1998,47.61438,19.01523,2
C1998,47.61345,19.0145,3
C1998,47.6134,19.01444,4
C1998,47.61311,19.01532,5
C1998,47.61307,19.01543,6
C1998,47.61299,19.01567,7
C1998,47.61282,19.01609,8
C1998,47.61262,19.01666,9
C1998,47.61253,19.01683,10
C1998,47.61247,19.01691,11
C1998,47.61243,19.01698,12
C1998,47.61238,19.01713,13
C1998,47.61221,19.01765,14
C1998,47.61209,19.01797,15
C1998,47.61197,19.0183,16
C1998,47.61186,19.01862,17
C1998,47.6118,19.01877,18
C1998,47.61172,19.019,19
C1998,47.61158,19.01945,20
C1998,47.61148,19.01974,21
C1998,47.61133,19.02018,22
C1998,47.61123,19.02049,23
C1998,47.61102,19.02109,24
C1998,47.61083,19.02164,25
C1998,47.61074,19.0219,26
C1998,47.61071,19.02204,27
C1998,47.61069,19.02214,28
C1998,47.61064,19.02222,29
C1998,47.6106,19.02214,30
C1998,47.61051,19.02206,31
C1998,47.60978,19.02156,32
C1998,47.60925,19.02122,33
C1998,47.60898,19.02106,34
C1998,47.6089,19.02105,35
C1998,47.6087,19.021,36
C1998,47.60819,19.02089,37
C1998,47.60727,19.02069,38
C1998,47.60679,19.02061,39
C1998,47.60668,19.02059,40
C1998,47.60652,19.02057,41
C1998,47.60638,19.02061,42
C1998,47.60628,19.02067,43
C1998,47.60609,19.02083,44
C1998,47.60507,19.02167,45
C1998,47.60482,19.02186,46
C1998,47.60474,19.02189,47
C1998,47.60465,19.02189,48
C1998,47.60457,19.02188,49
C1998,47.60412,19.02171,50
C1998,47.60333,19.02137,51
C1998,47.60298,19.02122,52
C1998,47.60243,19.02092,53
C1998,47.60225,19.02078,54
C1998,47.60201,19.02061,55
C1998,47.6018,19.02044,56
C1998,47.60173,19.02038,57
C1998,47.60164,19.02031,58
C1998,47.60156,19.02022,59
C1998,47.60149,19.02012,60
C1998,47.60142,19.02001,61
C1998,47.60133,19.01976,62
C1998,47.60126,19.01953,63
C1998,47.60115,19.01912,64
C1998,47.60107,19.01889,65
C1998,47.60101,19.01875,66
C1998,47.60095,19.01864,67
C1998,47.60084,19.01853,68
C1998,47.60067,19.01838,69
C1998,47.60059,19.01831,70
C1998,47.60054,19.01826,71
C1998,47.60051,19.01822,72
C1998,47.60046,19.01809,73
C1998,47.60043,19.01798,74
C1998,47.60043,19.01775,75
C1998,47.60045,19.01742,76
C1998,47.60049,19.01698,77
C1998,47.6005,19.01683,78
C1998,47.60049,19.0167,79
C1998,47.60047,19.01662,80
C1998,47.60038,19.01626,81
C1998,47.60036,19.01619,82
C1998,47.6003,19.01594,83
C1998,47.60027,19.01584,84
C1998,47.6002,19.01569,85
C1998,47.59996,19.0153,86
C1998,47.59988,19.01516,87
C1998,47.5998,19.01503,88
C1998,47.59976,19.01495,89
C1998,47.59974,19.01488,90
C1998,47.59973,19.0148,91
C1998,47.59974,19.0147,92
C1998,47.59978,19.01452,93
C1998,47.59989,19.01412,94
C1998,47.59991,19.01405,95
C1998,47.59992,19.01399,96
C1998,47.5999,19.01394,97
C1998,47.59987,19.0139,98
C1998,47.59979,19.01385,99
C1998,47.59939,19.01366,100
C1998,47.59926,19.01358,101
C1998,47.59899,19.01338,102
C1998,47.59893,19.01336,103
C1998,47.59885,19.01341,104
C1998,47.59882,19.0133,105
C1998,47.5988,19.0132,106
C1998,47.59858,19.01312,107
C1998,47.59853,19.01337,108
